-4.712388980384689674e+00 -1.333333333333333037e-01 -1.836239562893826061e-01 -1.001200994352487106e+00
1.570796326794896558e+00 6.666666666666662966e-01 6.173918960479007900e-01 -1.000587822744803956e+00
-1.570796326794896558e+00 -6.666666666666666297e-01 -6.173918960479030105e-01 1.000587822744803956e+00
4.712388980384689674e+00 1.333333333333333037e-01 1.836239562893826061e-01 1.001200994352487106e+00
-5.497787143782137953e+00 9.333333333333332371e-01 8.979985139553381401e-01 -7.392233125945080197e-01
7.853981633974482790e-01 -1.111111111111111160e+00 -1.146571902012915922e+00 -6.663120863014992956e-01
-2.356194490192344837e+00 -3.111111111111111160e-01 -2.764059075527569020e-01 6.976986087850689522e-01
3.926990816987241395e+00 4.888888888888888729e-01 5.255354585165106229e-01 7.258467930928558243e-01
-3.926990816987241395e+00 -8.444444444444444420e-01 -8.819414014602955376e-01 -7.378570121222227662e-01
2.356194490192343949e+00 -4.444444444444450165e-02 -8.001718919664829732e-02 -7.103975956850161477e-01
-7.853981633974482790e-01 7.555555555555550917e-01 7.910118301218993508e-01 6.796826515367504484e-01
5.497787143782137065e+00 -5.777777777777778345e-01 -5.424031808720464198e-01 7.272573357917289094e-01
-5.890486225480861648e+00 2.222222222222220989e-01 2.029901786532216923e-01 -3.928257160797132830e-01
3.926990816987245836e-01 1.022222222222221921e+00 1.002770705668892814e+00 -4.291848767184480162e-01
-2.748893571891068976e+00 -1.022222222222221921e+00 -1.005899401757432976e+00 3.357664634739054854e-01
3.534291735288517700e+00 -2.222222222222222932e-01 -2.036474800577713906e-01 3.734271875764058057e-01
-4.319689898685965090e+00 5.777777777777777235e-01 5.325572846936310611e-01 -9.140856255593031721e-01
1.963495408493620697e+00 -7.555555555555555358e-01 -8.032842331017997495e-01 -9.391498129827335895e-01
-1.178097245096171974e+00 4.444444444444420328e-02 9.076607792099619654e-02 9.235809783935895467e-01
5.105088062083414258e+00 8.444444444444443310e-01 8.912250290511725126e-01 9.070679691367612429e-01
-5.105088062083414258e+00 -4.888888888888888729e-01 -5.354715269783394405e-01 -9.146471121008191707e-01
1.178097245096171974e+00 3.111111111111111160e-01 2.650092491958133123e-01 -9.302904347231195636e-01
-1.963495408493620697e+00 1.111111111111110938e+00 1.159485141760603355e+00 9.448921455021852545e-01
4.319689898685965090e+00 -1.170370370370370505e+00 -1.126308456869367092e+00 9.011977326987864467e-01
-3.534291735288517255e+00 -3.703703703703702943e-01 -3.906004974048026823e-01 -4.008212404639460158e-01
2.748893571891068532e+00 4.296296296296293060e-01 4.116369037228650996e-01 -3.637343246541041020e-01
-3.926990816987245836e-01 -9.037037037037035647e-01 -8.842832790423293954e-01 4.238563863483990057e-01
5.890486225480861648e+00 -1.037037037037037979e-01 -8.450602585231330177e-02 3.873642243422408815e-01
-6.086835766330223940e+00 6.962962962962961910e-01 6.862580100268367289e-01 -2.290496197522451094e-01
1.963495408493622918e-01 -6.370370370370370683e-01 -6.465563670211754710e-01 -1.635977392446474887e-01
-2.945243112740430824e+00 1.629629629629631982e-01 1.732208795492561904e-01 2.036628912174734130e-01
3.337942194439154520e+00 9.629629629629630205e-01 9.755259546948867877e-01 2.426888024579131886e-01
-4.516039439535327382e+00 -1.081481481481481710e+00 -1.132305370534050226e+00 -9.908456136552555860e-01
1.767145867644257962e+00 -2.814814814814814992e-01 -3.310911804405036740e-01 -9.849176986851128079e-01
-1.374446785945534488e+00 5.185185185185186008e-01 5.681390768132321689e-01 9.761170427485011958e-01
4.908738521234051078e+00 -8.148148148148148806e-01 -7.664389016003259059e-01 9.886615900396388268e-01
-5.301437602932775661e+00 -1.481481481481479977e-02 -5.647764942940720206e-02 -8.313209697138168597e-01
9.817477042468105708e-01 7.851851851851849862e-01 7.437992639689450236e-01 -8.527926957254294837e-01
-2.159844949342982545e+00 -5.481481481481481621e-01 -5.076555862986076306e-01 8.176409495772651859e-01
4.123340357836603687e+00 2.518518518518519933e-01 2.940949529844694155e-01 8.401865489849630331e-01
-3.730641276137879103e+00 1.051851851851851594e+00 1.026787220582012772e+00 -5.122173919800099284e-01
2.552544031041707129e+00 -9.925925925925925819e-01 -1.023057493884511615e+00 -5.974427366074797074e-01
-5.890486225480859872e-01 -1.925925925925925930e-01 -1.647376122058029912e-01 5.634858770910863290e-01
5.694136684631500245e+00 6.074074074074073959e-01 6.351419099529831414e-01 5.298372044174093354e-01
-5.694136684631500245e+00 -7.259259259259258634e-01 -7.536401424379413072e-01 -5.247558736925816980e-01
5.890486225480859872e-01 7.407407407407390343e-02 4.623508828229030282e-02 -5.585746462451175454e-01
-2.552544031041707129e+00 8.740740740740735593e-01 9.042313694111170363e-01 5.927215503988536582e-01
3.730641276137879103e+00 -4.592592592592592005e-01 -4.326095750487812808e-01 5.377076351208692762e-01
-4.123340357836603687e+00 3.407407407407405109e-01 2.997900842185963199e-01 -8.236557399150123970e-01
2.159844949342982545e+00 1.140740740740740611e+00 1.101573097935175660e+00 -7.998176341163665271e-01
-9.817477042468105708e-01 -1.140740740740740611e+00 -1.099492521903429054e+00 8.617483900025169063e-01
5.301437602932775661e+00 -3.407407407407407884e-01 -2.991954076469038881e-01 8.410870887857363476e-01
-4.908738521234051966e+00 4.592592592592592005e-01 4.105371329667483749e-01 -9.858881358069444545e-01
1.374446785945534488e+00 -8.740740740740740033e-01 -9.240019588762528047e-01 -9.717910207779389964e-01
-1.767145867644258850e+00 -7.407407407407409772e-02 -2.502097855339389942e-02 9.816044854416091647e-01
4.516039439535328270e+00 7.259259259259256414e-01 7.762167161314259545e-01 9.884727758313760493e-01
-3.337942194439155408e+00 -6.074074074074073959e-01 -6.189474417427343056e-01 -2.254070335002267000e-01
2.945243112740432156e+00 1.925925925925925930e-01 1.833628375376150088e-01 -1.861674858186062875e-01
-1.963495408493622918e-01 9.925925925925922488e-01 1.001969108074356463e+00 1.459720405035901947e-01
6.086835766330224828e+00 -1.051851851851851816e+00 -1.041680609880231145e+00 2.462813891559023083e-01
-6.185010536754905530e+00 -2.518518518518518823e-01 -2.566563573535241005e-01 -8.541370813268329976e-02
9.817477042468070181e-02 5.481481481481482732e-01 5.430135141842218349e-01 -1.252423224989961947e-01
-3.043417883165111970e+00 -7.851851851851852082e-01 -7.825594596473273157e-01 5.902197561355790323e-02
3.239767424014473818e+00 1.481481481481479977e-02 1.977521193083029913e-02 9.904250492580049525e-02
-4.614214209960008972e+00 8.148148148148142145e-01 7.661047918580266014e-01 -9.915837713604436221e-01
1.668971097219577260e+00 -5.185185185185184897e-01 -5.691269399011877894e-01 -9.986242949428747462e-01
-1.472621556370216078e+00 2.814814814814813881e-01 3.316627660559712254e-01 9.947134669009127794e-01
4.810563750809370376e+00 1.081481481481481266e+00 1.132484301347140843e+00 9.888759572590744007e-01
-5.399612373357457251e+00 -9.629629629629627985e-01 -1.001840760399632879e+00 -7.413076087994607821e-01
8.835729338221289808e-01 -1.629629629629628929e-01 -2.017193297352314896e-01 -7.679297991821850689e-01
-2.258019719767664135e+00 6.370370370370368462e-01 6.772630976929105984e-01 7.944827838596124625e-01
4.025165587411922985e+00 -6.962962962962963021e-01 -6.591526448850260067e-01 7.520752539655839453e-01
-3.828816046562559805e+00 1.037037037037036036e-01 7.214813121866550660e-02 -6.319793478147431864e-01
2.454369260617026427e+00 9.037037037037032317e-01 8.742032564404533801e-01 -6.001673587757005990e-01
-6.872233929727675772e-01 -4.296296296296296946e-01 -3.978373252231182100e-01 6.508258144749262675e-01
5.595961914206820431e+00 3.703703703703704053e-01 4.021290583799341789e-01 6.198620285939493435e-01
-5.792311455056180947e+00 1.170370370370370505e+00 1.146523429203831768e+00 -5.218895229404285629e-01
4.908738521234052854e-01 -1.190123456790123102e+00 -1.213440111253659026e+00 -4.176364508403639930e-01
-2.650718801466387831e+00 -3.901234567901235017e-01 -3.675434914054998004e-01 4.553153907673467837e-01
3.632466505713198401e+00 4.098765432098763206e-01 4.346364826411264204e-01 4.906668813752789737e-01
-4.221515128261284389e+00 -9.234567901234568277e-01 -9.695296277317222433e-01 -9.041796441877769652e-01
2.061670178918301843e+00 -1.234567901234568943e-01 -1.679314421390643020e-01 -8.866012143745884977e-01
-1.079922474671491273e+00 6.765432098765429281e-01 7.210263526319193872e-01 8.656137765862237377e-01
5.203262832508094959e+00 -6.567901234567901092e-01 -6.129190750634183615e-01 8.972634500019582848e-01
-5.006913291658732668e+00 1.432098765432099075e-01 9.536480382712039794e-02 -9.597365795676765510e-01
1.276272015520853564e+00 9.432098765432097576e-01 8.960095059086148339e-01 -9.700672922414810273e-01
-1.865320638068939996e+00 -1.101234567901234307e+00 -1.055213436452417941e+00 9.407711132478692173e-01
4.417864669110645792e+00 -3.012345679012345956e-01 -2.537820521963407017e-01 9.541044223758954335e-01
-3.436116964863836110e+00 4.987654320987652823e-01 4.856283901987623053e-01 -2.670579943572448101e-01
2.847068342315748790e+00 -8.345679012345679215e-01 -8.515008385711997363e-01 -3.308037639587457779e-01
-2.945243112740429936e-01 -3.456790123456809916e-02 -2.001689308588069927e-02 2.918395497756297030e-01
5.988660995905542350e+00 7.654320987654317232e-01 7.796961208146147015e-01 2.532239617536902188e-01
-5.988660995905543238e+00 -5.679012345679013141e-01 -5.822374345638703375e-01 -2.628099530332361766e-01
2.945243112740429936e-01 2.320987654320987026e-01 2.174792042852851937e-01 -3.012830240840200235e-01
-2.847068342315750122e+00 1.032098765432098331e+00 1.049590038767833633e+00 3.400834833132759805e-01
3.436116964863836998e+00 -1.012345679012345512e+00 -1.000681809988184234e+00 2.420670662302515097e-01
-4.417864669110646680e+00 -2.123456790123458005e-01 -2.606902513089170981e-01 -9.615927130070124340e-01
1.865320638068940440e+00 5.876543209876541329e-01 5.407084513402149462e-01 -9.495627976139131565e-01
-1.276272015520853564e+00 -7.456790123456790154e-01 -6.983146424968822430e-01 9.677091672032067660e-01
5.006913291658733556e+00 5.432098765432089721e-02 1.023173111636221932e-01 9.568684972130360178e-01
-5.203262832508094959e+00 8.543209876543207404e-01 8.105518640214892656e-01 -9.015025500024888006e-01
1.079922474671491273e+00 -4.790123456790124079e-01 -5.234130327315034137e-01 -8.706304321667823753e-01
-2.061670178918301843e+00 3.209876543209876920e-01 3.658613845929802877e-01 8.911206689052791896e-01
4.221515128261284389e+00 1.120987654320987126e+00 1.167447656471178874e+00 9.082206570247386423e-01
-3.632466505713198401e+00 -1.160493827160494096e+00 -1.187275118985895439e+00 -5.228637352329545962e-01
2.650718801466387831e+00 -3.604938271604938849e-01 -3.851199447404817788e-01 -4.885145819416308877e-01
-4.908738521234052854e-01 4.395061728395059930e-01 4.630148082283990774e-01 4.517151915916933769e-01
5.792311455056180947e+00 -8.938271604938270443e-01 -8.700306420367365234e-01 5.101461098421999907e-01
-5.595961914206818655e+00 -9.382716049382719414e-02 -1.256013001804222873e-01 -6.307183617515423890e-01
6.872233929727675772e-01 7.061728395061726005e-01 6.743769467896365555e-01 -6.612074698997494338e-01
-2.454369260617025983e+00 -6.271604938271604368e-01 -5.969459322806436319e-01 6.113105729315393422e-01
3.828816046562559805e+00 1.728395061728396076e-01 2.050977241331030931e-01 6.426669452214167633e-01
-4.025165587411922985e+00 9.728395061728394300e-01 9.363493630728969563e-01 -7.427144700413046419e-01
2.258019719767663247e+00 -1.071604938271604857e+00 -1.112810308910008317e+00 -8.072876686176733152e-01
-8.835729338221289808e-01 -2.716049382716049787e-01 -2.329316107383538892e-01 7.817123665690789425e-01
5.399612373357456363e+00 5.283950617283952322e-01 5.672118820322324950e-01 7.559664968680313013e-01
-4.810563750809370376e+00 -8.049382716049382491e-01 -8.556631010315030039e-01 -9.911329837663783726e-01
1.472621556370216078e+00 -4.938271604938399874e-03 -5.482320761794220315e-02 -9.962381358319372104e-01
-1.668971097219577260e+00 7.950617283950613956e-01 8.460453199671036373e-01 9.993424289527920168e-01
4.614214209960008972e+00 -5.382716049382716417e-01 -4.891556799271423728e-01 9.935296571157675727e-01
-3.239767424014474262e+00 2.617283950617284027e-01 2.575745737305767946e-01 -8.522585732767150313e-02
3.043417883165112414e+00 1.061728395061728003e+00 1.059910485709609773e+00 -4.516149533681840245e-02
-9.817477042468070181e-02 -9.827160493827159504e-01 -9.774048503331376203e-01 1.467617102493966874e-01
6.185010536754905530e+00 -1.827160493827162113e-01 -1.777315021600588962e-01 1.070780566614500939e-01
-6.234097921967245881e+00 6.172839506172838053e-01 6.145681511388811913e-01 -7.988470490242760569e-02
4.908738521234030233e-02 -7.160493827160493430e-01 -7.182053138332469278e-01 -1.320140187122340047e-02
-3.092505268377452765e+00 8.395061728395029899e-02 8.665745785211949326e-02 5.341687600290549731e-02
3.190680038802133023e+00 8.839506172839499687e-01 8.889926719549334777e-01 9.340897580089929653e-02
